10000
839
25517
25371
-923
3262
13870
17284
-21928
-25533
-9936
1724
-15900
-29207
23910
-29385
15214
19802
11051
20475
20180
-25584
-21639
26450
1288
6898
-7044
15025
16568
26474
-11754
-4023
-23370
9821
-20549
30996
-23418
-5284
1670
18431
-25691
26342
-114
16942
31482
1762
-22704
27509
3542
-21040
-29114
31128
-18372
-24425
-627
-7569
-5616
15808
9196
-13522
-13464
30384
32462
27011
-9378
24387
-20329
-896
22158
-18535
30520
6426
-9502
-6512
-13185
-27464
-5673
12672
27237
-29857
12436
2987
-13769
-24413
14267
-22101
17524
18868
25908
-15794
16187
7632
23564
-25357
-23981
2768
-3747
-1059
17863
-19118
28654
-24581
24553
18421
25547
29106
-13411
-2440
-12249
7294
-27878
8475
-6820
-30696
691
-15387
-31059
31028
24162
-12402
-553
-8062
-8995
-21620
-25101
16156
-15541
-31514
10825
4075
-22193
14421
3649
-3663
14919
-20054
-26248
-11579
-6277
23858
-14652
13305
4351
15417
-32246
-12665
-21631
-8392
12096
-5301
7937
-21530
17150
-281
-20952
-20011
26296
15295
24397
-1555
23864
-19650
5476
20412
-8835
-14368
24648
-8916
-23993
28054
29097
-16580
-19836
18284
22467
-28982
-13298
29340
23852
-12141
-7406
1212
26776
-14556
-29579
-26417
-31635
-1326
-15887
4174
16164
-32088
-10188
-18542
-6935
-7967
-26154
9967
-30418
-11201
5967
16524
-22615
23976
22764
17103
-7786
-26036
-14527
19940
-7592
-27880
2404
-18073
12864
-27695
13609
-26219
-2233
3399
5591
-32353
25621
-7877
-26581
-7397
-2509
-31573
19374
27654
9348
-14191
-1347
21851
-13417
-7559
-20450
8574
-5519
-25703
3447
5325
12744
16591
17094
-28109
9818
-28410
9129
-6605
-11081
-16102
-8555
104
-13702
9569
18436
-17068
-11463
3242
-27219
21693
15994
-13468
29019
-28417
22851
9089
32764
31100
2398
11050
28646
15790
-21994
30345
9586
-19093
-19361
-29880
-5470
-22851
5153
-26952
6874
23401
-30637
-32011
7082
-25678
-16907
-29976
1969
20370
-26657
32077
-17146
-26164
15285
24090
15669
26937
10407
-6106
402
-19374
18940
18653
10887
13971
22219
12381
10740
14947
-6533
27319
-31555
-6328
24195
-17290
29115
26994
9545
-22576
16079
24374
-29025
-9842
-23828
21009
18634
-25644
-1874
17888
-3809
-742
8461
31883
-4606
-7904
21152
-30334
7579
16351
31734
4898
19885
512
31657
-26575
-16873
29362
7557
20276
7308
-9864
-4591
-21620
26210
-8076
-11295
-6064
-32004
-4145
-16260
-29046
27654
-32149
27800
-3342
8623
22881
-11375
25712
18975
-26558
-17846
1323
14862
-28638
18299
-16382
-25798
20459
-11602
7581
-15367
28646
20356
32320
17785
-32345
-30334
13801
12378
-1756
-7943
-17173
-736
11708
4083
11281
14807
-5266
-26635
15718
-31235
-364
-30134
14065
7906
-10276
-10378
5740
-25486
-273
5407
28539
-27247
-23430
7525
-14073
20665
-23901
23425
29420
-29884
-24875
-24973
2665
27853
-28185
8289
-27641
17004
32702
-25503
-25615
8276
25780
-22973
20926
2871
-9826
9561
-13867
18761
-13318
-21258
26700
28402
29985
31392
-29540
-15296
-11974
-1376
13680
30367
31713
29248
27558
22491
10456
1865
-19106
26513
14740
18782
26499
28991
-9769
-3625
13511
19363
9687
-21279
30265
-21029
13427
6700
-1891
-9129
-7298
19099
29454
-3626
15707
2215
6378
4250
10370
25854
-25645
-31184
-9897
31612
5860
13164
-1063
-26906
-18405
20657
-13359
-22232
-18129
-22567
-21466
-10257
-30177
2507
6919
-1109
-28060
-29195
-5729
23530
12075
17527
11941
16076
19427
-17154
-27316
-17946
18306
-5344
-32416
-1193
-31005
2624
30010
-14436
665
-3609
-661
-15332
-13735
13882
-32657
27357
-21724
18466
-10643
-31176
32277
9868
21964
-19712
26002
-3354
20439
11517
-9169
10783
-13139
27750
-3156
-16091
19162
-28341
-28892
-12596
21383
11433
-14493
-30591
4829
2485
30926
29236
22794
29693
25876
-26018
9143
-10365
20092
-27386
-18902
25528
23096
23786
14772
19992
29239
-15658
10470
-30656
17350
-10519
-11746
9885
-789
25178
-24798
25098
4634
-30072
-9995
16056
17850
9164
-15583
-22078
-26754
-25175
-8022
3913
-19570
-4857
-12472
-3575
19675
23627
13759
19923
-14121
-23000
30206
5026
-29771
1566
30631
-21685
-14609
9497
-32467
29291
-23077
-24614
-14376
195
-30354
17353
-20222
-22864
-5831
-20532
-12451
6499
31748
28590
-21158
18631
-22563
15798
-9579
29369
24832
-10916
9053
-30815
1080
-12731
21231
-8373
-10086
14577
9607
-4555
9520
11857
-11176
1077
21908
20155
29761
-19708
-18456
-16515
5272
-28437
-177
-7587
-31776
-18353
-25367
864
-1279
-3569
-4297
20090
13104
20263
-6627
14173
16479
31497
-26827
4283
-20935
-26003
-10308
3300
-8777
24313
32463
-24667
-4528
29903
-21878
954
17423
-8279
18845
13050
8385
-5052
20857
21132
16564
-16028
-17842
11865
-8004
10164
10816
32452
-21783
17417
13058
21317
-7417
27533
-5572
-9752
16214
-22294
12018
10241
-29441
9054
6345
12049
23384
27401
11031
-22587
20731
-1233
-11793
253
7337
-2556
-16189
-4685
-16583
413
-17919
28997
22387
-29586
11151
-14430
30665
-15655
-31112
23528
11995
5492
15487
5114
143
-14780
10606
-1271
5679
-21965
16840
-17136
-2134
26034
3713
789
-32350
10899
7648
5914
27012
-24038
-14872
-26658
7684
29690
5695
28849
-30557
-10054
27560
1731
3665
-4536
14167
-18706
-9313
-8367
-27553
-8440
20845
-14016
-30002
-27428
18093
12310
-6152
-9644
-27568
-26059
-27086
9247
9847
7999
8492
-644
622
7068
-19460
7349
-20371
-12918
8281
7163
23497
-17511
-27576
-26640
29453
3913
7906
-3720
-6303
14400
8429
-32329
-11270
-12483
-1657
1389
-14897
-4397
26854
21944
-21089
-24324
12822
-11108
-10919
20413
-29744
-27678
-19784
-25590
3073
23342
-6862
26050
-1639
-7058
-7064
-3566
18698
-3468
16204
-1488
-11269
-1735
18824
18835
-30538
-15127
29578
5085
28092
-10645
31428
-24703
-20448
29910
10584
-23452
24530
-503
19509
19348
7445
10352
-27011
-10899
-11340
-29806
10786
-14436
7830
4971
28965
-22201
29626
4443
-9682
5387
-17956
3549
-31570
8579
-24797
17229
17472
-10201
-5699
25969
2707
22839
17896
17881
17696
15244
15217
5342
-17214
23973
-30056
13709
-23185
24553
31170
-26682
-27547
-10087
26110
-2929
13517
29220
8604
-24125
27649
21085
32336
-1061
-6386
-23558
32154
3818
331
3474
-3312
18041
-3645
-13820
-18236
13281
29138
-17044
22781
1685
19944
-12126
774
-30105
15278
25467
-17151
31818
-15067
-13486
-26003
2107
22725
-17685
7847
30261
-26356
-11030
-16048
-15487
14088
-3597
10045
9898
-7391
-16210
10429
-7233
-10125
15770
24519
14753
-25087
5715
-10798
23312
19644
3223
-29337
4874
28890
23775
18368
-17966
-31248
29137
-8671
12347
4690
13405
3931
13602
-5765
11062
-11179
-28040
4130
-11036
-19842
24398
-19890
5292
-10172
5089
3597
-8689
-20707
-7561
15918
6960
-29512
-27402
11252
-20937
4439
19328
-7694
-31164
-17617
15508
8391
29165
6965
20486
-20406
11199
4220
-1235
-15710
-22541
-15673
-26826
25760
5313
26886
-30693
30231
32491
-32601
-30107
-2681
-7194
15939
28966
4111
-31468
-16992
-20149
16459
-5346
-9783
-27813
-13548
10706
-594
-4392
25466
16451
-17470
-21341
30109
15584
-24721
31528
5012
31962
3566
4332
-19864
4029
12242
25905
14783
1778
4290
134
18632
26818
-5060
2280
21348
8566
16353
20916
5818
-30937
6337
2193
-1526
-3040
-31039
-1963
-1974
9129
3099
15834
1571
-1313
-2931
29542
-28512
17081
32642
17971
16662
-11462
14827
-28846
-665
21791
31234
21474
-1211
-25654
18325
19811
6263
5259
-4019
-13465
31238
-491
32252
14453
8019
-467
20192
7253
28065
10269
-27069
-24798
-20856
-15508
-28864
32580
28917
19395
-31830
-16724
13524
-10637
2489
2984
-6900
29344
-4648
29607
-8468
-32351
21692
18222
-26751
-1330
29111
23962
-7310
21230
-8502
440
89
448
25946
21327
10261
-13476
28018
-13845
-28495
18479
25538
13606
1561
-12516
-5966
-11389
-27347
609
12766
-23708
12468
-856
9911
-6773
-2467
-32096
-29978
-23603
3006
29248
904
-6799
9273
755
19252
6563
15801
23686
-27330
-23546
-1894
-17099
31140
30818
-28750
1042
9739
16842
16646
-28468
-32180
-9123
-13682
-28321
-1021
4235
29658
-32660
30102
-17168
9065
32232
-8827
-11046
-28231
27124
-8835
-16659
-12843
-21117
-7035
-22542
-8282
-1891
-30784
8339
-20116
-25569
-27929
2036
27909
20221
-12311
23142
-13148
8306
30270
-1689
16032
-18349
-7178
23972
-29623
-8035
-15073
20838
-27290
-18580
11654
-17003
30397
-24646
19895
15853
8892
507
-14073
3741
21836
20072
18038
29726
25759
-9180
-27039
14159
2349
-9146
-7140
28002
1230
19534
-27893
5305
24131
-28284
-10165
3651
-24090
9360
-2716
-19535
19168
9582
27751
25536
-1809
-24028
13753
-25836
11610
23242
29824
21714
-21267
8452
-10092
-32188
19471
-1490
17819
30772
30809
-26738
8670
-747
29410
5116
-11040
-25135
8859
-20862
30190
-11096
30709
20376
-26780
-10320
-29955
-10212
17302
19172
27334
-30930
-26611
25074
29960
7974
-342
-16402
32748
-27898
-18723
15469
17119
-10561
-23608
-28996
-13410
320
24687
-7193
14235
-25306
-19180
-30070
6630
11297
-13092
-7328
-3628
23941
-13094
-2265
6304
12616
32375
-31468
7375
-5044
-16832
5431
-31375
907
28725
-22446
-30845
23534
9713
-13085
-26113
-23219
-17514
-10196
-12263
1670
3568
3554
24055
3036
-27288
-30447
1259
-32408
22070
23250
-28750
9787
-23104
24498
-28368
14468
-9500
-10242
-4128
10250
-3828
12851
30333
-15178
-2556
29171
-7131
-17359
-6541
3116
13367
-22099
-26843
-5455
29934
-21261
3485
11997
-10231
-15903
14339
5142
-21614
-15087
-26569
3341
31151
8244
-756
14396
30520
21800
28473
31834
811
30043
-378
12809
-18154
-27970
-17852
12656
-31525
18559
27783
-15281
-10601
-4669
-29104
-20237
27127
15761
-28429
-12832
-12029
-9488
-26015
-16185
25006
19719
-21527
27380
22544
11347
-10139
-20024
-30182
-16724
-28409
26759
-15474
-23893
15640
-14108
25794
2918
-4572
24272
4386
11691
1486
3256
21974
-6645
-2109
-24193
6748
1267
-9078
-25148
17137
22240
26564
23091
10293
21143
17680
18914
-21133
-9561
26973
-339
17648
-29114
-26344
-31333
21957
2213
-2135
-2598
-7136
-20854
12702
-29199
-12781
20717
-20674
-15464
2946
-2810
-2468
-15876
13714
-11816
21819
-3286
-26370
306
20534
27793
17391
29192
10702
7967
-23621
-2954
-28867
-24297
3366
-20167
-22025
-19103
3479
-24998
22097
19277
-32265
4510
8359
21852
24228
16248
883
-21986
17568
17372
-32595
-24772
-21943
-13407
-28148
26147
21928
4491
-27819
6350
19271
-21792
23568
14302
-7477
27943
-10201
23763
-1504
26661
-3804
8398
-12843
-18670
-26106
-26539
-31013
27317
-18613
-12050
1935
15463
-2805
-15147
19830
20031
-30294
14359
3101
31659
-24332
27111
-599
-10210
13898
16072
-22544
-9417
2432
-21798
8560
18921
-20113
-5938
-31588
2482
24175
-23668
28130
-10941
-5321
30206
29175
-19239
6129
-21557
-29402
28454
-15054
-31542
21989
-23138
-24600
3594
11015
26092
14295
-19331
-25891
-17212
29551
8908
26998
-5855
1382
-23077
-11401
-16904
2140
-20072
-11966
6862
12541
-14703
-18457
-7630
-13943
-13034
-10633
29404
-6428
-4081
2977
-12859
-10629
3767
13080
-21957
-1051
30503
-14313
15450
2823
10103
16780
-12365
-29292
-15349
22289
15546
14953
-21889
-11103
-5631
22756
23003
21206
-10239
6493
-5626
-31089
-6630
-11517
-27508
32026
-28635
-18204
17452
18938
-25052
-25054
15875
-21842
2038
25992
-1474
-31707
-9980
25707
5150
16575
-22797
-28988
20421
-11945
-9700
-11772
-27974
13573
-7643
-23083
26475
2294
18597
30066
-2405
-30829
27331
23398
-6424
-22337
-26141
24819
22776
31636
-12554
8479
32546
9055
16945
-13414
-12180
22425
-15102
4297
11499
-7780
17482
10498
-15151
7300
-31074
4884
-3529
19998
20168
-29040
1292
-28356
25947
19950
-31260
25468
2166
-32660
-24532
-21705
20173
-22493
-6246
8163
7388
27660
-29374
21323
-19671
-5361
6700
-3605
-9466
5800
6556
31336
10557
19405
-13920
-28100
-5725
22400
12340
21751
-13041
29451
21813
1792
-1569
359
2397
22204
26709
-1953
-31101
9735
1152
-17813
16186
-26675
29258
-4266
-23150
17224
-29486
23870
26115
-24369
-31477
14646
-7410
-14344
14150
19779
20779
1888
7708
28560
-27586
12204
15472
13510
26582
-1937
-15984
-27607
20007
8358
29480
2400
-25254
18709
-16158
15691
23443
-32158
-29747
22867
17711
-19212
7090
12448
-26716
-21101
5746
2450
-4707
-8308
19819
18020
-31682
8397
26149
1197
-842
15931
23109
27164
10301
9632
32047
6381
26416
22835
26381
-31140
6242
9235
-8728
27419
-10391
32147
-31714
29170
23157
26478
26271
29025
15889
17828
8225
15023
16868
-17460
-9366
-29800
-23312
-13174
3638
17416
-3557
9671
-15665
1247
15755
5322
-20211
26400
-21937
-6620
18758
-21633
12293
9785
26329
-31178
-30998
-32668
-10502
-14604
21108
3835
-10148
-31626
-22036
13197
15020
28671
20978
11010
252
9537
6456
-6091
-26930
15831
-31404
-5770
12482
10748
-25763
29732
-21487
14673
-21492
8654
-13045
24356
-27586
-1996
-21439
26
15596
-22290
4471
12225
-7634
19870
11119
7011
-14618
14084
13538
23407
-7011
4507
-30919
703
-32245
24383
24833
-20370
30617
-18634
5447
31641
-18220
19572
20075
-7289
7713
1787
20156
-9934
1460
5922
-23526
-5777
-3985
-2878
-30862
-8161
14017
-10324
25526
-14620
-15681
22897
7973
32645
22891
-27501
-23853
6036
-14122
-27234
-27592
-2332
-4943
30023
-26784
21956
-26473
-31960
29468
-19722
-5053
15104
-18661
27110
38
21183
-4393
29347
7673
1094
-8943
15398
-2477
6025
22178
-2223
-19708
7753
-3477
20589
12268
-19675
29876
-7993
-31250
-22278
-3149
28586
23824
-30044
18719
-24985
-9546
-19345
11418
-20874
19064
31228
11101
22831
28060
10239
24053
10184
31294
-20769
20115
-24
-2808
-1221
12637
1976
23510
25892
24559
10678
-22913
-27101
-31227
-21244
22425
-15511
-3459
-6887
25616
-9240
31341
-23387
-5333
26723
-22723
-31315
-7398
1477
-30052
18627
-21625
-5745
-26931
7114
-3004
-25565
-8521
-11046
28950
9646
-22060
15923
32037
2416
28175
-15166
-27992
-26888
-6535
-19668
26630
-19391
-15305
-4033
-14494
-279
-26967
26935
-3525
-29666
31051
-29420
-25256
1978
-28827
29518
11107
-15639
-17189
-28699
6600
4237
22781
13671
-24818
-25600
-23892
-6810
3252
-22839
16056
-14711
6976
25139
-19618
-7245
-6839
-22747
-939
9366
2552
-15406
8958
11097
-31817
22711
9255
-5429
-13131
6599
-22100
25959
-11931
-25975
-15048
31686
-1474
5186
-6278
-11483
-4555
-7054
4219
-12560
-15754
16191
15659
24338
10560
-13864
-15948
-3148
31331
31922
-26263
1724
-16633
-9800
21411
19197
-20675
25042
-3642
26951
-8563
16465
-29266
15275
5373
-7057
29042
2104
30051
-11238
19804
-11198
-27710
-29818
7087
29207
30430
6571
4363
31231
-28850
23899
13832
-26478
31713
-29959
-29516
5686
-13582
15843
-32712
-32457
24288
-6570
-16333
1092
2759
-25429
28437
257
18273
77
7834
5081
1549
25610
-12126
-27229
5839
-16319
-22752
5621
-16022
-10154
4595
10197
31239
18404
31798
-21702
3624
-463
126
-2366
-17946
-10251
-4127
-19777
-32573
15731
-12667
20785
-32691
18993
-5636
31089
-7091
16159
31308
-26398
-6846
-29988
-23230
13778
-4317
29640
19930
14984
-27936
-5011
7792
-9696
-2349
-17315
-15230
-18350
-21742
7764
-25055
26040
1420
-31949
-27379
-15360
7694
32487
8557
-31481
20562
29061
-27892
-18488
10110
28626
2206
-8904
30238
10017
-12820
-28657
-16102
-16275
-14864
-31150
-23609
-11285
11271
22816
31291
-27091
-28531
10530
29534
-11234
22982
-20206
1284
15098
11449
-18376
555
28907
-624
8628
10995
13827
-6690
3584
8779
26259
-22173
31715
9787
15610
-15133
-19601
9365
10895
17173
2607
-8954
-8908
24004
5376
2670
15136
-16823
10605
23175
24278
352
26891
-18635
-19524
-32111
-20227
-7973
16019
23577
-3868
-14751
-7389
-16366
30407
-5897
-17367
13219
-26
-26758
-9267
169
14014
-9444
25173
-5455
16781
-16833
27990
-14990
6913
5531
4796
-15649
-18882
22270
-17957
7078
3387
-30201
27478
-28322
10224
-13131
8923
23898
-18409
-20239
-18870
8658
-2946
-13323
4233
26837
26574
13754
21875
-6875
11415
10411
22145
12355
21370
4069
-31375
16977
-14640
-24167
-8
12456
-3827
-8352
-30558
4545
-20250
-1049
-6394
-24663
9899
-19653
-9607
27717
-3617
-27827
24904
7226
-29381
-22675
-1689
-9390
16783
-20538
-31776
25051
-6691
20889
-26390
25704
32342
11367
18159
-18215
5891
2692
-4549
15040
-23605
29466
-10552
27938
6846
-1090
1076
24821
12773
-21770
-14959
2351
10694
6889
22491
2297
-30808
-1916
3059
10996
-27451
2609
-17965
1593
19877
-9488
12342
12006
15934
23817
-27600
19196
8900
-30319
8939
31781
8867
27017
18953
3318
6660
-30718
-77
26568
-20414
11269
-2751
-21514
-15388
-27705
-8227
20139
11194
-21329
3479
-14420
14718
8411
-28304
19525
-10379
18961
-696
1224
2267
-4576
-19733
1966
7679
-1864
-31650
7888
-2925
-1040
25039
-21757
13617
29662
-25856
9817
-11076
-32320
-28360
18087
-6984
8088
-28423
-10172
-26728
19808
6518
23625
9394
-28723
20613
-28481
8051
-20930
29665
24945
-8259
20093
-3602
28732
9255
26471
12665
5581
14353
-5771
20176
-7060
3931
-707
24511
14250
-13879
-25974
-32340
-3868
-7400
-5974
-29067
9342
-18386
-9630
22144
-15905
20656
-15451
-27655
-17915
5241
-20135
5956
31215
-12366
-8500
1955
-28831
25942
-19139
-13625
-2780
27537
9785
1261
-17120
30532
31629
-6704
-9269
14275
-21042
-32261
-15230
1463
11735
-32155
28053
31234
9975
8250
15853
26540
-24908
-22857
5228
-6763
3478
21753
-11777
-6377
20755
-13896
29475
-22940
-1689
19480
-21314
19066
3483
16197
27498
-12023
32316
-5951
17462
1803
-24475
14211
-19217
-25282
-17216
-29557
15827
15609
-30096
11531
-8114
-14262
-7355
-13610
12612
3669
-27000
-790
-21473
15361
26305
18504
-11115
11271
10338
-23523
25960
-22918
-19275
-7447
23363
-14422
-6358
25229
-1301
8431
-27950
-28874
15222
25054
-15175
-492
-24192
-2014
13422
-9965
-30742
24050
12695
32556
-29514
-6684
14740
-17429
-10826
1449
-14773
7030
491
-19518
-7213
4102
28835
6955
-17493
-19467
7845
25247
-12284
-31201
-31792
-14101
20372
987
-6821
-27652
-18436
-16929
-14734
29268
-32295
17544
-23909
9166
7811
-22714
15191
25958
-6193
-2808
10876
21909
11882
12062
-7923
814
29416
-27917
4996
-4623
-26383
-5929
934
11845
-16739
14165
-13509
-8476
-25950
-9463
19940
19008
1043
-11714
-5520
19382
24384
-24985
-6059
-22213
-22019
-19958
28867
-29647
-13005
-27377
8485
-18819
11750
22573
20646
-15934
17471
-15498
23101
-5855
-9982
32666
20108
-10092
-18416
-2315
9234
27836
-8786
16339
31978
-31017
8630
-26718
-14499
-17112
25083
-18251
19326
-10186
16132
-10473
-14583
-19498
-15010
18166
-10492
32077
-18602
-4676
30491
-551
23101
-29744
-4108
16108
27511
16485
30669
-14998
4564
6748
-28367
-24339
28968
14238
3637
22768
-2780
30159
-14334
-6199
-27709
24936
26598
-29698
7817
-9283
-10177
16498
12136
-25365
19560
19031
-407
12842
8723
1649
18294
-11383
-26625
20278
10352
15060
-24564
20553
15771
32559
3897
-19675
890
-19006
-31689
-15801
-25914
-9194
24012
-24068
-25013
-31050
11663
-14270
-21547
-29177
-1006
-8370
-24910
-19606
-12867
30388
7750
-30927
-12789
3200
-16441
26999
-16141
-16516
24351
-32428
3797
-10655
4979
-25057
11641
15977
-21632
-22139
-389
-4323
32599
-26159
-7909
30882
-28483
5424
-2334
15634
15682
5112
-10545
-25784
27400
17695
-20965
12436
-26821
4481
-6660
-3612
-19604
-21878
31551
19490
-30951
27857
-31301
-25430
-27895
-28112
126
-4014
11907
21698
-14937
14374
-3288
-3452
6895
-11243
-19767
10664
16867
19526
29108
-23072
-28458
-22019
4711
-32257
2687
-30675
-21952
20065
414
11376
25057
-22540
27093
7035
-27275
16369
31746
30374
-8389
-26131
32562
9470
-29013
19961
-12274
-1342
23903
-26149
-28813
-2567
-31385
-5977
14664
-28030
22503
19653
27832
-11383
15852
23172
11038
-18676
-21303
18904
-19308
11001
12775
-4816
-24343
22799
-29214
27166
-16012
7349
-12819
-30797
15783
9746
17730
9328
17002
-3721
-21970
-24899
-31513
354
-8415
15300
14615
15805
25858
-23786
-1893
-4802
-3853
-27219
-18907
-22796
31074
23689
-21107
-2340
24228
25054
26818
-5578
-12446
-8878
28021
1726
15045
20648
14632
30933
-29713
22553
19808
-1869
-502
5581
-9457
31386
-26143
-24938
-28979
5602
-12152
31386
17037
-26910
-17595
1419
20865
27387
12065
27234
-31121
-31335
-14292
-3392
20674
-1432
16215
-5314
21130
-14935
-18833
3372
-18668
-13580
-20338
-13676
3240
-6481
2014
-16072
-23896
18089
-13088
8962
-27523
-20355
31917
19429
32194
13820
1454
-21233
-21702
13716
-11279
-3710
-12139
15965
28526
-10906
-27746
31993
9736
-27555
-29186
21088
-11200
-15711
10805
-1114
8628
-3562
-21207
-29147
-12677
-24281
-8782
-3080
-15242
10545
4301
10925
20556
20106
1089
-25821
22616
-3909
26817
27493
7479
-2862
-18948
20550
1277
-14069
-24102
-30316
25336
-22239
13129
-31445
18282
-23806
-24993
-30434
7123
20415
-3061
30436
-26520
-29447
1286
7615
-16810
10344
28848
30264
1109
26191
25708
3935
21287
-2575
-14060
-19304
-4977
17063
21645
16657
-14687
5567
-26848
-11321
-12624
14567
28751
-12349
-13017
13515
31786
-25806
3322
27092
-4961
-25620
30448
-8982
-9510
-5167
3715
9471
-32384
22700
17902
27708
-13470
-32650
-23672
22466
-9420
21856
-17860
8684
-27877
-7030
-15918
4959
-11210
-11514
-31703
-19306
11035
29964
-32117
11946
-14474
-4961
11237
-2719
23355
-16586
-16264
16534
17287
12959
-20647
-23778
-30129
2727
23205
-25119
-32340
-27429
10985
-20648
16868
26129
27441
8098
170
2239
-29311
6943
29116
-20451
13955
2234
-10130
4693
-22379
8734
4253
26537
-23985
23400
8882
2641
26488
31107
2476
12498
-26698
23815
4842
-27042
7366
-28209
8403
-9542
17289
-2354
-9411
15641
1936
-31283
-17170
20585
5176
28321
10998
-21420
3854
-20659
18962
-13121
-29280
10868
-25820
14136
21525
9967
24632
12543
7104
-3659
32714
9982
24161
27626
31770
1803
-1989
-32126
-6770
7323
-17966
2464
3440
10701
-19367
-7779
19323
24845
-32511
3509
-12907
-4823
-8538
25144
3453
17337
17762
-9458
4437
9812
26571
32614
2511
-30825
-22533
22349
15051
25831
-24272
9598
183
14227
-24104
1975
3339
8571
-31404
-3969
32071
-20555
26023
29154
-15252
31619
-22074
-17318
-7379
1299
-24992
-11234
-344
12663
13122
18691
20054
15238
-21467
8814
31558
13588
-7070
16077
2998
-24269
16676
-27123
-6804
-5041
-22768
-4495
-1903
2588
-24696
-5424
22121
-4122
-23570
32672
-4618
14018
9337
-3627
-22997
-28002
-7493
7664
977
-5739
-14712
27584
-26588
2843
-6782
-8505
-30642
-28181
23276
-21319
-30488
20508
3871
4691
4524
-4297
26781
2687
-3619
-29495
-12090
9454
12942
12121
-16145
1083
-15035
-8085
-13088
19613
-10665
-8899
2558
30681
-32240
-20481
-21620
14203
-20392
-26530
-30754
-22448
1515
25647
-18277
-8265
-12564
21580
7539
-25820
-4991
-9088
23098
-26629
10669
-24519
17323
28331
-24762
-10354
7098
-13927
-2501
13245
19398
25138
23554
-15884
25432
11304
15919
27334
25475
18540
-3066
-19706
28390
-13720
-10756
-19855
7871
-8837
-27376
9950
21839
-30857
1277
19528
21043
21004
12495
3532
22083
-21198
-19305
-20308
21579
30627
-27454
-18738
30280
-1342
-5483
15812
5610
16527
-18373
604
22576
-18841
-25652
7937
-15356
22382
-8064
-13162
-12631
2585
-14683
3945
24220
27887
-31229
13392
29791
-6488
-10385
-30509
-31730
7755
-20981
9796
17489
24108
-19113
-30778
-23492
10207
-20546
3853
27947
16871
-15818
732
-13603
10079
-14960
-19802
27190
-3699
-17619
-5081
29885
29384
26949
-12008
-15970
-30464
31817
-19640
17617
24561
18357
-2977
30234
-30486
-8601
17399
-21003
-14023
-21233
-32430
22850
21964
17968
-9997
17387
16469
899
-4771
-23593
-5475
-9943
32702
26387
27490
-24509
28537
11975
11958
21104
16552
-18683
-2176
-16942
4124
26037
-13067
21140
19093
30458
66
-27392
-27435
4913
-32489
7272
-23533
8229
32191
12617
10604
18619
18979
5988
19503
16118
3673
-30364
1962
-11947
-22092
-12223
-22552
26654
-15606
5042
-1195
-13426
-22892
-26188
-9347
5660
-15595
-11894
-8276
24442
8196
-4795
-7984
-1295
9047
32455
4189
11021
-14712
-23951
1980
5831
-19180
3778
-28612
-11816
-9627
19725
6826
-9073
15192
31009
19322
27267
-17344
6278
-24856
27575
29767
-24504
18744
-20738
-16233
-6068
9873
13506
4660
13226
-14477
-9790
20364
21970
25375
-1457
-21198
26104
12544
-17572
25802
1783
-4492
-5132
7964
7259
-17921
4263
-30968
-26912
-10188
-17422
-5814
-29384
-5193
4231
-28737
-29789
-31154
-320
-14943
24087
9606
-13990
-24617
27808
-12672
28576
23042
-2438
-3978
8533
-26769
23082
-7824
6758
9367
-24495
-14170
29387
26889
16139
31811
-7629
-27950
28087
2622
16110
5577
-27511
1306
-16017
20133
28192
-25811
23903
2330
-10405
21484
7652
5140
13072
-7607
31758
22508
4905
-23617
22619
11867
4514
1095
27628
7120
-21115
-8471
3654
10186
-7330
-1999
-9918
3253
16611
-22049
11051
12169
17471
-11030
-13227
-32342
-19254
23680
28424
-21697
6718
31508
30080
-15156
-21883
7331
-3947
8740
-9724
3959
-16428
23107
-27908
18273
13489
-16671
-25800
-13927
18214
-18718
-15230
15890
3734
30515
-2183
-13501
24779
-27306
-18118
13586
11219
29976
-6011
-7198
-29304
-6475
-5030
26015
525
-20837
9779
-9040
25051
8599
-25544
22582
24415
-23098
-8538
32753
2274
-205
-13598
-8621
-29575
24072
9496
-6828
21180
-20029
21479
19751
7949
16514
17370
14418
-8247
-24894
-24605
25119
22290
-17066
-22736
4809
-29345
-20207
4686
-18914
28069
-9657
28261
13534
-27187
17390
21390
5497
-20193
25283
4587
-30449
1599
20259
-20733
15087
-13153
31403
24865
11129
-28811
6653
-4836
1868
-15245
-14513
20891
-21033
15258
29895
23585
-6264
-13015
-12901
-337
-18137
-9021
-17167
15443
27995
12306
-16149
16005
-6386
20672
-23153
11105
-24129
-31842
-20718
5080
-25261
-5184
10737
-390
-13132
-7635
27080
-4628
13696
-1885
-11211
27349
-15547
-31541
17970
-354
-27017
29819
-11247
-31304
31147
12415
-3116
10201
17529
5341
-32379
-18963
-14515
-5636
4090
-6917
-10827
-2543
5796
24141
-7699
19864
27544
12504
22790
16081
-18327
-21023
21621
11775
8985
12642
25316
-30683
-27712
18913
20932
-31680
16140
779
1191
-17233
-21062
32120
-1246
-13246
-10473
-20116
-11728
2287
-7421
21489
-25446
19948
-3354
30909
1652
30923
-23606
-18347
13612
28085
-11199
15012
11808
3779
-29627
20746
3149
6412
18858
-5698
-25437
-1472
-2383
15725
-23874
11212
-17005
6653
-28644
13900
7865
-1394
6201
-9580
29785
-1733
-9200
13467
25990
1049
-21948
-28290
22506
1322
1028
-23329
-5065
-13932
-13871
-7375
27820
30170
-24438
-21787
-17181
18576
-24187
23421
1967
14110
28873
26654
-14465
32288
25192
-13610
-3306
11692
29329
-22903
-15366
-26034
9658
-13819
-16464
27663
12112
9689
-20700
-8878
-20180
-32296
22625
24113
10844
29065
24422
-15886
31558
6163
-25718
28580
-16982
1889
-16618
-25684
11115
-17859
-2250
-11999
-10579
-32437
-6656
30262
6068
-29258
-11988
-24669
20817
-13406
20156
2668
-10777
-27779
-7720
-18690
-21106
-14875
14579
-21169
9370
16194
-17031
-8058
-21238
-25378
357
2126
31663
23765
20450
485
29707
-29784
-31848
-10575
14424
25551
-11675
-27672
27168
-24079
23292
-26193
45
-31019
-26025
-13272
7083
16470
5140
-15490
18162
9554
-10848
-29315
-9086
-22429
-13358
-27934
6055
12274
29071
-32502
-19312
30806
-28559
-23551
-30357
30581
5938
-26711
22038
-32754
16832
-18785
8160
-2097
-5540
-26818
-28386
6619
-8135
10931
-16406
19322
-8338
-8108
-18358
24252
-24078
14916
-2473
-13875
-11351
556
17046
-11824
-21227
-20645
-27403
27531
-5066
31141
24791
-28691
16438
-21405
-23993
26153
-13356
-29924
-13807
-17179
-6264
-10005
9416
7679
3063
28107
-23916
8992
-24423
2541
26271
10901
13193
-8695
25272
-15649
-17228
-23327
21520
29441
20776
6766
4980
15353
26878
11381
29992
7032
3265
18105
-16020
-14620
-22186
-12427
32334
8549
-16421
3301
24016
-18007
16114
31418
-32269
14181
-3048
10415
-9144
3315
-12362
-28471
-1038
-18798
-22090
557
-539
-6187
2303
-16325
25858
-10735
6313
30826
-18431
-31301
15971
32053
-15318
-4918
19529
11925
-10948
23916
8914
-11672
-27024
-12774
20858
-29468
19590
21656
-5624
19874
-28176
-8412
32078
31797
-22798
2409
-21611
711
4582
22621
-23367
-31591
6282
8126
8826
6211
-881
9028
-9868
-14444
-3075
17361
26827
18244
-25664
-16084
2679
24579
28297
24852
-28986
-13433
-5021
4615
-560
25181
32666
22676
-11226
-22159
27614
27516
-14905
31780
-13139
30462
12241
-8535
-28500
-24949
-1293
-13268
2590
-31503
23517
-17402
23020
28920
-22417
-14448
-15751
19666
22482
729
14304
-19664
-10698
-1740
-13674
27435
-26516
6459
-6517
16446
-32314
29421
2635
31559
29998
-28956
12852
-1143
-25197
24502
25380
-16734
-9647
28271
11099
-31502
-21129
25341
27056
1118
-8542
15010
-13649
-20951
8585
-26515
-19548
-27683
-5315
17660
-22160
-18767
31070
-21611
-641
9338
-1350
4280
22598
13271
8043
3220
31241
32552
9336
-21452
29943
8767
-28765
15928
-10844
-1715
-4843
15784
-17872
-11366
16103
27917
26190
16373
-19993
-12047
9095
11255
5115
19255
32374
27244
29606
10056
10327
21832
382
31479
-1978
-18310
-12357
28435
-15394
32473
-12374
-23041
-8290
26428
-30827
11903
-25432
-402
-20109
30236
-8938
-9452
9102
11651
-7430
-22158
-16237
18578
10241
-9762
-12043
4455
16227
-19488
-30104
-27865
-21297
-21677
23674
12136
-9012
-22725
-24899
29994
-22513
31128
20266
31009
12542
-15731
-10106
-21806
19571
16496
-6336
9870
-4658
-31282
12273
30849
-14751
9055
-8443
1450
-23034
-18941
32050
3476
26887
30113
-22085
12730
16054
-9827
-9786
1085
-3916
-8319
-18868
-14406
22789
-31066
69
7950
17778
-12440
13464
30350
-20923
21211
8127
-3542
21713
-12488
-16317
-29404
-19215
-12625
25554
-28291
1717
26982
-12626
6253
16124
-3136
21194
31323
1254
17313
12036
11398
-1950
31303
22621
30883
-23766
-19109
-30956
7514
13936
28411
-22187
8517
30968
-22598
32057
-24680
-31600
19415
19790
-30950
1499
3724
-19405
27224
5691
3559
27976
4366
25819
14230
-340
-22447
14223
13089
20296
-13656
29174
15026
-4793
-9398
-3772
29412
-18439
16690
-20967
11201
-18065
28272
-13798
-683
5193
-12283
-16668
-20485
19413
-31088
28613
29627
-325
-25454
-23614
-1669
20457
-7322
-2696
-10519
3163
-15828
20822
-1172
-20663
570
21866
-28912
21301
5910
23727
2850
-32683
655
-11809
-9368
12029
28130
13110
-29736
-2478
14865
26883
-24384
15837
-20104
30288
18719
11211
-16046
27665
-6579
22984
-18561
-6607
24588
-30870
-20252
15720
-3254
-19454
-20772
-9944
-9813
31943
13887
-7140
28908
3331
-10666
11233
32323
-4955
-5760
9900
26434
-29494
14460
-17402
17548
-16492
11076
-8349
-10260
11634
-29739
4708
-6430
2240
-31814
-14989
2212
16698
9458
27678
20836
7810
25344
7305
12277
20752
-12829
17892
15373
-15257
22795
22313
25494
-10263
30189
-15756
8674
-13657
-258
-3105
2977
8071
-6129
22371
3265
-23416
-31492
11551
-20009
8521
-25720
4979
-30994
-24581
16684
-6841
-17950
21354
7759
-574
6343
-6709
-29947
-19907
13278
17828
25658
11811
-27953
12366
-24176
-15371
29687
-2313
26735
-20585
20204
99
26540
-23719
20251
8406
9963
2585
20998
-26146
-15962
-6586
-32429
13379
4395
-20320
-6329
-22541
11346
-15791
-8757
-16534
-20321
-5539
22421
-29108
18000
8102
-5774
9829
32239
21101
-2341
-18115
31679
3899
7608
-24338
-1432
-8608
12778
10550
24396
-26543
-8470
20054
-32697
32529
3892
5720
-9621
-29781
-2056
20699
-24809
-20543
1146
2967
27887
14714
-14666
11579
11214
10587
-9722
-30767
-12328
6068
-28428
-5176
-30127
6806
16092
23748
-4015
-8696
-8913
-6832
-21220
12719
-10
20308
-16576
-11755
-29448
32462
-25418
18830
14135
27576
-15189
26575
30813
5272
-12491
-30337
-31940
-29845
-19711
-7301
4450
-18102
-3666
32754
-25614
-24206
10791
-28199
29660
11810
21600
26701
14937
24020
14534
-4401
-20675
27718
-29020
-3925
65
-24925
-7271
4273
-19582
8519
15506
-15792
11006
31393
-28455
-8296
2815
18810
-23625
-19398
7170
13593
23321
-3937
-24785
-16498
-11412
-12095
5464
-28006
3600
-23179
6384
12037
-22267
-27340
2106
1684
-3561
32391
19176
10409
16213
-17639
19508
-15805
-20141
845
5389
8376
19509
23887
-12564
-5135
-4057
28879
28803
-18283
28090
-25749
-20849
-17344
-4284
-15710
-19197
15316
19488
2778
7208
-8795
-15639
-15265
14797
-19492
-8873
26757
-23484
-11371
23769
-8433
-13298
4235
-26087
-28972
21300
-9266
-27046
-28816
-14252
29922
-25447
7629
-9957
-15028
-32707
-21463
24069
-25560
414
-10762
16550
3618
15400
-17679
4837
16488
-17802
7532
28562
11106
26365
31214
-8199
-21664
-14224
-28576
-13371
-16688
-3156
-23329
6702
-21044
-23000
-16750
10327
-2958
14086
-30897
-22080
-27140
-20525
-14227
-13294
-12812
9050
-30575
-22792
-27418
-10746
2129
-10026
4013
-16424
18240
-22549
-14294
31585
-17847
-22940
5668
11154
-18865
-5933
23795
-5846
2906
20029
11045
-26564
15520
18879
29642
-7833
19937
28530
-21392
-27001
8301
19843
-17069
22877
15413
730
-31428
-8675
16220
11762
-18251
290
-407
-30878
-11818
178
19082
-8624
11844
27232
-9463
-19834
18466
3709
13664
-27381
1049
-7261
-23532
32185
-15277
12273
31797
-27132
-26775
-3108
18396
-16363
15466
13604
-18049
20037
32527
-9382
-21916
-2058
-28558
18121
-21207
28942
-3332
747
14924
-5482
13646
-18899
21158
16499
25799
-100
-15060
-28874
-2814
22946
-22036
-1757
-3927
-2023
-3595
-31941
17992
-15650
-6915
-8510
12728
15222
23258
13218
-25025
-13565
-8380
434
-288
27292
15828
27168
-13274
16758
-3615
9435
-5184
206
4685
-32328
19489
26768
-12247
-973
25874
6620
17527
15749
5769
-9493
13141
-29505
-14360
16650
21112
2716
-11725
11047
-11267
21066
-16717
-32016
29632
-6965
20608
-1603
21969
29963
-26012
17312
-12343
-17065
24978
9162
1815
3617
-14430
29490
32712
11927
-11173
-11134
26837
6672
24634
479
15245
30549
-21034
-66
8106
-20340
7496
-25082
-22635
21294
1677
-11161
20833
-2743
19035
152
-16068
29477
13054
-9917
14320
23424
-9882
-1770
6629
-7892
2990
18420
7051
22130
-30999
-25592
-28267
-15816
31819
26281
-16358
-16835
993
5751
-10246
10454
-29000
-5548
11010
2092
28059
-13568
-573
17364
-6023
10239
25851
-31668
-25674
-1276
17185
28130
-20308
5692
14061
-24713
22250
23307
7445
-21808
-12517
21246
1360
3813
-3021
-9634
-30084
3836
-14167
-25818
-9371
-18012
-23389
13713
10719
-93
-26160
10409
10289
-16011
-16933
-18496
-7160
-21472
31116
-20465
-14796
-19297
-379
-6547
13957
13896
-10506
-23712
26009
-28511
22795
12353
19667
-9519
13099
30437
12950
1348
-26501
23298
-30283
9596
-1237
22975
16638
29187
22591
29979
5690
-4810
-17385
26780
13606
31028
30788
-4721
-29045
-3605
-8300
-29948
20431
25600
-28750
-2379
-16166
20700
14989
-19795
19417
-10115
-31152
24352
19846
23364
10607
-508
-10767
-32384
31994
-9742
-1118
9562
-9394
6016
-4584
-5193
27973
23979
-15866
20829
16349
-3724
11907
4573
-7749
-18095
-12098
-2242
-20610
-21908
-2445
-1855
26323
124
14045
31156
-1702
-32282
-5321
-5452
-31289
11929
2295
-370
-8696
13267
18899
-8359
-16170
24002
32183
11812
-11953
14694
26839
24695
-6590
22391
10741
32762
-30045
-8368
-31352
-19634
20865
5112
-4537
-6424
31551
7295
29928
29386
-28666
26981
-31802
19762
-25008
-4547
17381
2643
32750
-1059
-17570
-31764
-20645
9687
-5821
-563
19319
-20541
-3697
15097
-5921
15776
-1876
2102
15573
10346
-10430
15036
-9090
6575
-569
-26957
-17442
-24277
-16678
32520
21116
25425
-17211
11252
4186
2291
16245
-28712
-6030
-28695
12005
29943
4037
12373
14655
-30488
5172
9725
7112
31278
-7069
6980
-27413
-9570
23488
-16956
-22066
12358
15026
17018
-6562
-3565
-13144
22188
27899
4986
14026
-20415
-20102
-31068
-3396
-13651
-10674
24832
9667
9228
-21679
-25501
1168
-27233
15369
3103
-30702
22276
-12706
-27706
12144
1308
-7257
-16287
-28614
1772
-11834
-8820
1581
2529
-4204
-6777
1456
27976
-9763
21365
-2852
10448
-17236
-6912
21642
22582
4550
-26034
14886
22735
26759
-18500
-16383
1240
20651
-5013
-25483
-29658
-24885
11928
31293
-9735
30492
6724
32461
31203
-30730
-26854
5024
-1653
-25450
-21594
-26496
28072
17359
32252
232
7948
-22033
-11530
-17418
-6953
-16856
-26800
22246
-7114
-16043
25185
-13523
12943
4106
28622
-17635
-4933
32638
20365
-19356
-13916
-28575
1564
29953
-21565
29556
-22366
15329
32103
32742
-15687
19757
3547
-23304
14039
-21527
-13117
15020
-690
32479
9292
-17898
-18478
-20371
13085
-10218
-6563
-31367
14922
29405
-24962
-29642
16163
14567
13799
-29621
-29865
23792
26162
16413
-19777
-25288
-26932
9392
-31421
-5860
-20767
1904
8904
22479
9440
-30133
-22525
4066
-20464
15552
16228
-21858
32399
-10970
-6548
13011
21042
-11698
31695
12500
17532
-1324
-31820
-31064
20813
-22911
27799
16349
-21168
-17897
-31255
-16298
-17462
32047
28729
-2706
-4436
17567
-5511
13853
-31738
8385
-28781
4786
9076
-18339
16460
-30567
-3290
-22906
28452
-10085
29860
-18516
24465
-11413
29597
-3737
-24563
7112
-378
23797
-22630
-27007
15633
11838
-1771
32144
21521
6093
-15450
25161
-3719
18583
388
-175
15286
20544
12253
1121
-31633
17277
-10951
-28321
22873
-25706
11907
29950
-29584
24125
30788
16273
-5892
28457
-15494
30306
-29388
17808
26732
-15687
29118
14289
-18561
14360
-31360
2439
127
-25978
-13723
11393
20872
-5743
-23514
-8053
-29242
-20528
-29116
23809
12383
26616
-23660
-21831
-31643
28006
-304
12904
2978
-10974
-27837
-16690
-4624
5390
16004
24797
11392
-11270
-28478
25050
-6519
-14732
29151
-3784
-5619
27879
-1734
11043
27098
31519
-27491
-254
-14109
22352
19525
19683
30418
9192
-31518
-23869
17615
-32693
-15625
-32123
19263
1397
21266
-22123
12161
25956
-8349
-29913
-18789
2595
-24729
-11899
14657
22188
-23384
17556
-5837
-2584
478
2706
-17212
28085
19130
21747
-24502
-31831
-2851
45
-18886
28506
-32170
21293
-2796
-32525
-30159
-28888
-31735
31070
10466
-25021
-19859
3239
-6010
17524
26841
-3153
-5422
14964
-25919
3782
6566
6142
-24069
16996
4473
23159
-31638
-6459
-6219
17871
-9579
-25413
-9727
-20455
-17626
-24424
-20024
-26428
-15094
-10379
11685
-27339
10515
16067
14001
29181
-22483
21213
32446
9583
-10236
13125
12753
-23055
19159
-11034
-23173
31621
-19854
-21541
-22081
-27784
4931
3727
-901
-504
17367
-25908
-10943
-29774
-2228
23569
23039
29102
-31697
19680
-18314
-9291
17950
-7256
4237
29302
27800
3719
-2533
17525
489
-3498
5901
-29263
12081
-27014
-30280
21540
-23836
-11872
-26991
-24797
11641
-26003
11482
29427
14684
-24460
28088
32406
-24072
2545
-14901
-32584
5805
11839
-13596
12820
-5723
7919
-30929
23201
-3751
-26325
22283
-24355
8293
-17163
-21126
6041
-27542
-8157
-29706
-14937
-30135
5844
-20104
27398
-5497
20658
25795
-26722
9559
-24686
-425
31427
-19809
-18231
12779
-12279
-15802
25203
-11411
30569
19215
19637
7698
-12313
19656
4124
-436
-20714
21732
-31258
20454
20863
-20063
-7508
-20319
-26457
19883
3022
25918
-18434
-28378
911
-10591
-9072
7135
6090
-30787
24959
-22799
-10949
1214
-29874
-18991
-28227
-12367
-21485
10687
-1895
4598
11209
-28231
-18138
-26836
23262
-25651
32168
20448
4915
-5057
663
-22939
22972
-16240
16285
-21285
10411
-10688
18498
31518
17504
-7397
11466
-6254
4810
27644
6764
-16589
-15902
-26219
24826
1378
-11763
-19970
30614
-12630
24552
-32612
-9949
-20075
5560
-16307
-3127
17214
32186
14942
18815
-19720
31952
26718
28535
32482
-8146
-17094
32377
6217
-29492
23505
-30103
2320
17767
14222
2298
-7657
-18370
30840
32391
-12662
-31204
27935
-30739
12089
20744
-7689
29708
-4400
29449
7282
-32364
-6304
-25933
-5926
31043
-29243
-17831
4861
1786
29010
19711
-24784
-432
-32543
-2580
-27143
-4658
-12478
27463
-15739
-10691
-13041
-15685
-24228
-3767
30013
-2520
-27218
14009
9357
31985
-3502
-6513
9767
28991
-7379
-10803
30398
-6017
-4343
-16317
-11489
-10557
5954
15092
-19623
-2982
-2007
-13885
6429
-1182
4255
-15373
-7655
-30304
-19820
17964
-5915
-26692
28651
-19839
-22027
-26661
-13523
-24000
1717
858
-27479
-14836
21449
24982
-31593
-29194
-19497
-21875
30019
7396
1249
29547
11528
-13496
23629
-30170
-9040
10896
21144
31134
-12852
-28028
11496
2470
27188
-21213
-6328
-18241
-29937
-11940
3611
-18796
-24403
-11331
-918
-14789
7274
-21753
25218
-22531
-16667
13476
-13612
13721
25530
-28388
31315
8086
-26866
-6157
-26312
21683
-10758
11001
-14794
10058
25955
2570
-18820
1307
-26469
17677
-9953
-19291
-4770
-30325
-18579
975
31479
-10795
-17853
-17180
-27397
-22426
8177
27993
2282
-27060
28635
10404
24773
-420
-21531
-19724
20987
18926
30968
3188
-8887
-1188
-24192
11729
8736
-25545
-24737
30516
13118
31265
14399
-118
10048
2484
-18412
-16170
12831
12348
-32707
-11377
-4232
-5959
-7340
12723
-27819
-22765
15435
10773
-12554
-13573
-18295
25751
-1163
-8351
-518
12462
16888
-19248
-13504
26530
-31464
-26471
-24694
20020
-9817
4912
16050
26188
15189
27259
1797
12697
-10504
28685
14622
29810
6494
-5113
-18142
52
-31047
-28279
7968
-11100
-19740
8364
-31373
-32513
-1384
12647
23783
-17701
7266
2922
21498
29034
-31279
-497
-15249
5750
22524
31275
-27962
12520
30613
17671
-25065
6103
-22814
-2755
32194
-21788
28838
-6381
326
16457
7996
4948
-16166
-18250
27774
18735
-4084
-28667
21513
12418
32389
26854
-9366
21935
601
-7025
5560
13473
24022
20640
3209
-12559
13886
-23880
20504
28199
-20061
12238
17946
28736
-15903
20365
11442
-3188
-25709
-5581
32665
17631
-20495
19066
-16364
3556
29786
-17046
23950
9590
27005
-15326
11823
-243
7869
13157
-10489
-20448
-28415
-28839
6632
-27585
-1486
-7189
6149
-29424
4200
2897
-13820
25868
-17265
-29344
-10048
-27263
-12394
16715
-14753
18124
11588
-23492
-3277
3079
7044
2138
22879
-11043
-18424
17574
30858
-5891
-12935
28297
-25083
-17010
-26593
-1343
14404
17963
-14983
4786
13875
10449
-20091
-27362
-5389
28686
29384
1264
15925
24294
-12435
-31790
27166
28025
-25781
31223
30637
2952
-20740
-22310
17086
12708
-15121
-11423
27966
14593
7090
-28715
-26060
19933
-1020
21686
7862
-11563
-5478
4549
16198
-27959
9664
-19229
25260
-18040
-1999
-9444
20067
-14679
-7008
17244
-24329
15296
-3358
-25723
-778
-28318
-4934
17539
-9399
-8673
19194
16950
-18965
11465
-22575
10395
22038
29656
-13747
15523
10922
-19050
30636
421
-3312
-1270
9622
15343
22447
103
30932
1948
-15658
-1933
28746
15764
32448
-21614
8607
367
-4983
20567
-32072
-15899
-11160
21440
-26512
18175
17435
-24374
-28434
23914
25852
2107
-6994
29448
-16043
-4791
-1267
5916
24798
-26242
30445
-12136
30772
30548
-20219
13678
11119
9085
-1682
23531
17471
8137
23661
-9599
14146
14064
12602
-26307
-12490
23717
20185
31384
-20306
13212
29349
-5200
10066
18700
24377
-22514
-12505
-20111
3183
-2524
8559
18255
13127
-28259
-18422
4307
-22383
14286
6363
-21054
-28838
10172
15605
-22823
-31346
12200
-2606
-15283
20829
-20519
10848
-5701
25789
15225
8420
14294
27240
28223
32485
-13212
1050
26251
-22986
15532
19596
-16040
28302
2960
-26462
-31167
17077
-9880
11182
30566
-7511
22983
-28632
13021
30752
-29020
-4422
-21181
-11427
-19479
-3399
-25761
-25972
10112
-13665
-5384
-8571
-26065
-7707
-30211
13242
19465
-12748
-11615
-8193
-20749
5158
-7977
-22780
-24345
-13122
-31481
-24468
-23381
21637
-12011
23156
18050
1247
-24195
17956
-14508
11312
28816
6985
-19713
-28392
-21943
19434
-17031
4113
4158
-11106
16470
26826
-17608
30171
-3350
-7754
26539
-948
-25135
-21011
-16497
3656
3212
18591
-8338
-27839
5496
-5394
-24829
-10428
31383
26122
-23363
25925
-3539
-101
7136
32646
-25784
14240
-19462
1584
-21939
21723
-8767
22511
32064
-10919
31107
31516
22315
31062
-11205
-28900
29471
5949
-17078
8563
806
-11856
24247
28303
-8164
-30215
24124
-10747
8832
-17161
15238
-16712
-17917
30411
-29039
-6936
28175
-2764
-30865
-18739
7394
-20185
-13823
-11573
23254
-16938
20769
14528
-8555
4088
24948
1352
-23728
28759
7634
-30751
-28295
-22570
11700
31690
15869
12047
-31042
28242
24389
-31992
1272
8409
-22165
-17528
-24968
28086
-2194
32072
-31681
701
-31903
30246
21114
23236
-6572
32318
20808
-10199
-31373
18503
288
-13577
4196
18642
15606
1935
-4259
-23726
16386
20651
-24928
25915
16419
4415
-8391
-29493
-28209
14805
15992
-23243
-24378
17908
5186
28025
14995
18630
10670
20396
26048
-21584
17633
-28920
-12626
-8493
7191
-19198
-24244
23794
2774
18269
-23279
-24103
573
2474
-11447
-15296
15828
15984
-14895
-6753
-15139
16144
-8248
19223
30755
29517
-4535
-22559
-139
-20173
7584
13554
20857
-23808
5000
3249
-11072
11724
28523
25336
10091
30781
14386
6527
-20429
-13318
-294
-2974
15184
-20189
254
-14765
-16721
11773
-6478
26904
-24644
30868
-16735
-5747
-20755
11585
23637
-32231
9672
-14579
-11664
-10204
-18380
-2552
23336
-28934
-4879
-24453
25267
-6205
-13344
-1436
-26709
-485
-23860
-25557
8399
-22387
29419
5039
-25278
24523
-9643
6261
-18612
-29639
22877
-14965
3225
-3240
-3930
12237
18549
2275
-3347
26248
26641
-2835
26288
-15554
14342
-8363
19771
26530
311
11004
12877
-3836
14609
16992
24416
1682
32556
-18054
-32309
-2946
-17736
2342
19651
-2700
-29415
-25151
14849
-24263
11196
-5666
-24316
443
8855
4213
-30016
29008
22080
13204
18893
1498
26843
19290
-24828
15006
18143
-29159
26998
21723
-32357
2711
29147
-9937
16989
7801
21397
3005
-7220
30417
6952
10510
-2173
24126
-9253
-2669
12614
14837
-2131
18874
-30400
15352
7051
24551
-22073
-25330
-29735
24732
-26343
29778
8875
10462
-4930
-18876
-32653
-7903
9993
30877
-17942
2755
24831
20238
17277
3520
-16220
1738
15160
11915
-21528
14178
31448
-1754
-3941
-30163
-29868
12298
-23420
3446
26376
-6128
2010
18614
-30411
-27578
-28379
4882
-10525
-2723
24527
2183
-18134
23303
-11043
-3587
2710
-28446
13005
26871
20047
-16143
755
14794
-31658
-8230
6001
25269
21885
-12802
-9374
3194
7991
-31818
12872
27808
-2178
-9576
-8053
-24296
-14181
-31728
-4911
-25084
-5270
29405
-11434
4821
-18312
-976
-6799
-29791
-493
9338
-16911
17063
9946
-25574
28847
9037
8523
-19564
-27092
30135
-7453
-28248
-8071
24215
28835
-27670
26485
16913
-13265
15453
-17332
-30839
-3372
-23313
32482
-26311
18893
28691
-27159
32559
1040
15881
834
-22981
20551
-10183
6973
9792
21922
15570
6301
-11791
-22194
-9642
29181
-11308
-27099
-28367
18166
-1431
-22021
-28616
15388
-11838
-29547
26649
28864
-31732
-3747
1746
-6309
5470
-5300
16037
6544
-28666
18291
259
-19940
4679
-13671
-17034
-28927
15203
-2589
6626
-3317
-19817
-29667
-31289
-19600
-29039
21103
-24832
12771
-21470
-32451
20606
13598
12343
17602
29085
-32072
-29323
-20133
884
20686
-7374
-31010
-14136
-14629
32631
11103
-22480
25355
-7246
-32220
-4859
30938
3233
-26894
13274
6208
27211
7107
-6336
-30849
-4862
-2648
-18722
-1719
22541
-6483
26417
-17493
25183
19609
-15113
2606
-29311
515
25809
-1345
8300
17678
-24119
-30539
24019
-6994
2889
758
9448
-16412
20375
16198
9898
-27889
-31074
-22007
8607
974
-4334
31979
-13131
-8639
23393
12719
6780
-12227
-21495
-27561
-22644
12846
18007
15579
9894
-5751
-23816
14136
-16057
19177
14740
-16117
3321
17959
24078
2090
-25529
-29669
32218
-28213
127
23090
31204
-13623
6605
27238
-10684
12214
16046
-25486
12732
-19234
-27059
-24806
-16310
-4520
25578
5491
-10494
24037
27982
-11107
-14468
30115
-27849
-11750
-15485
12509
9772
21451
18981
1147
10112
-1779
-20489
-27936
-4858
-3926
27341
17796
-6169
4575
-24247
2638
29724
-17046
15070
21133
14055
-18352
-23381
20401
19323
-22400
-32099
-29448
16000
14754
-5421
-32542
-9066
-10207
-24383
-18280
29581
-28452
-14706
-22009
13791
-5851
17778
-1010
13638
-26516
8432
4261
10518
-27310
10188
-26967
-25674
-7740
18789
-6413
29864
-14530
13807
-27866
27472
7380
-24556
20846
-28430
-19039
-7160
866
-28951
25409
-12723
14104
11133
-6909
13105
-30499
-14217
32587
4185
-21608
28593
-26874
-9392
27304
-15391
-9256
-28865
-6881
-24936
-32189
5861
-18232
29724
14569
-26822
17168
16817
-19477
27020
21040
2284
-22476
25718
15738
15439
30376
-3688
20470
9085
29043
-8368
-26531
-29363
16782
18982
-7519
26661
3381
-18166
-17297
-18118
-25714
26109
6599
4415
-5326
18419
-11836
-16170
17586
31838
-11333
30421
-28532
-3607
-981
23960
-22623
-15865
-10244
28407
28364
-11808
14371
9309
7
-5490
20831
19599
849
19039
1740
-22510
-3502
-30342
-17850
-6759
9338
-25528
18483
-5961
-19791
12458
-9159
5873
-11630
1783
24958
-3566
12159
-6574
8564
-22605
5495
17573
4079
-15959
-9781
-26267
-22910
-15640
14384
1791
4707
15789
6696
22016
10013
-5171
-8553
-11688
-18154
-15675
1026
-3865
-25251
23019
-4071
11599
32040
-848
23897
19662
15934
13572
1742
26618
8471
2152
10934
-3495
10643
-29852
-219
-14390
-13249
-2612
24567
24932
-866
20591
23461
19494
18674
16736
-7229
3714
32297
-27499
8687
16698
18395
21659
17516
-29867
-20948
2261
-9875
-364
3781
-31827
-11993
20199
1705
-4108
15203
-29584
-15105
-12834
29349
-13994
-3097
10799
-4690
17424
-948
28072
-20140
21230
-17554
31997
-31
-17614
-16945
7680
21827
26340
-21102
-2647
9779
-20934
31629
-31537
-6665
16014
-8253
-14160
2012
13578
12527
25798
-2900
-4980
-159
-9980
-9719
-32032
-31227
17373
-18051
-1437
17292
920
-3881
26010
25809
-11735
28867
17869
11235
-7700
-22473
-20780
-19309
12711
27657
4472
14853
-7337
-31312
-3910
-9997
29386
4063
-2258
14062
-24497
-25295
-10305
-26607
-20652
-7469
-14854
-21341
-30253
12358
-6782
-9463
29872
-15452
19377
17587
-21745
-15108
-3311
4824
-8954
-2044
-1736
21751
-12938
9427
-13654
-16871
-7935
23849
21729
11779
23043
26762
-17066
22030
18247
17861
-4467
6253
21577
-2096
11011
-26720
4934
-17902
20589
15432
-22135
-3306
6813
-11181
-21811
-24713
16618
-11098
20096
30641
28597
10004
-30857
-19526
-27883
-3992
-16165
7384
15670
-4339
-5382
7728
-21943
-16038
11195
-21131
-4640
-26550
-7439
-14231
5835
28861
-3494
10252
-12104
5417
9792
26830
3332
-5683
-5829
-23073
29381
2710
-2063
-19274
477
11728
7334
-24680
-27613
14409
24977
15177
-8739
-13615
-28801
3376
-27809
13319
-26269
1718
3174
-8944
-25905
-25788
-2260
-13156
-29985
-26518
5197
-25322
-14812
-26507
-463
-11249
-27944
-3366
23403
2313
10195
-25762
-8758
6737
-9385
-11989
-22360
-10089
21114
27331
18406
29522
7160
20740
-4514
9107
-27632
17274
-10257
21779
8502
18715
-24067
28312
21844
-4243
28461
-483
16114
2174
-28458
15442
-26176
16363
29983
14315
26435
23955
-25599
-24640
25243
-1918
-11032
18183
22712
-24594
1685
26014
19639
17600
-20205
29024
7131
4327
-9076
-21504
-1503
389
6486
30441
20081
110
3978
-28628
-25098
-10982
11516
21394
-26125
3690
-25418
-3539
-7961
-18626
24069
1981
11239
-5750
-17239
-5659
-27297
-23265
178
9165
-21427
17194
-18012
-31274
17124
5624
8874
-31914
30154
-16277
-20454
26079
250
16063
-27632
-9966
27473
-7806
-28075
5567
-9344
-3937
-16644
28966
-10112
8903
5331
32683
-10882
10959
-32103
-4405
-25154
18790
-16119
-9736
-17544
-4639
30845
20222
-14608
6491
31853
6318
572
-673
-1095
-19469
-25648
17205
-29994
-5146
22538
-5477
31580
8383
20179
4263
-24472
24231
-20913
10184
-24374
18743
3104
10146
-12304
4118
21810
-8897
-26715
1474
21215
25858
26022
-1265
-25050
-20438
-16183
9531
-25430
14603
13713
-4033
-14730
7876
-1590
8916
4695
20824
7418
-27377
-5836
9063
14155
-31808
-212
11222
456
-5200
-21546
17719
31566
6245
9033
11193
-26848
-8814
24060
-19529
19375
-32341
-11286
31891
-4874
-19866
5775
23356
10290
-17946
-268
4314
8335
24420
11326
446
20599
10384
15753
21313
-9442
-28058
-17283
3861
-2595
1420
-18917
1322
-23501
26870
-19379
11222
-30293
25643
-11044
-22246
-26929
31329
19091
15157
-14044
242
9944
-11398
-26575
-30485
-32147
-14563
-6359
14731
-1783
-4267
-3911
-21803
29362
32278
-26151
-27730
-15094
8370
26060
28045
-32179
5782
-5020
-16797
30041
9639
22465
-15928
-10082
22154
11653
2546
5313
2445
-860
-19685
-21486
31957
1934
-10678
11591
-22927
-23144
5996
4254
31861
32592
27705
13438
17698
-15269
8488
4210
5742
-6764
-32434
-29190
-19258
17820
28824
4743
5406
8306
21773
-9298
21117
523
-15505
29674
-31576
23437
-9057
30931
15588
-23650
1596
-27773
-16449
1343
15311
-2648
-2507
25270
2961
16137
-31565
-13183
-18241
11903
22132
-27025
-31137
11668
-2399
30420
6704
-5476
26828
5006
25094
-7908
19244
24203
-12407
29560
-13215
-20851
16223
-17753
13601
-17068
12946
-4378
5922
6723
-21852
1155
15511
31315
-902
27388
-18257
-13117
-31583
-4850
-18248
30862
-16206
6033
-7366
-13270
-12569
-4027
12011
-29530
22118
8911
-10065
2223
15642
-24828
7595
-15335
7027
28882
-14941
-8355
-30436
-13521
-30995
-23449
-2186
22909
-17841
22459
14214
25224
-23639
-27941
16461
-8432
-29434
31359
-22079
-31564
27836
22637
3063
13030
-13936
25894
-28596
-20402
6221
1098
-18970
29538
-26666
24408
-4150
32017
-16078
-3464
-363
-18315
-2777
14326
31251
-13882
6318
13248
-4454
-28498
-22802
9284
7660
27082
-13774
-31658
-6661
28966
11859
22843
16850
12638
-11171
-32315
-21751
17010
-23100
-10406
13887
23557
23007
17864
-8405
-174
27333
-5221
1663
-7395
13843
-23357
-16926
-29882
-31078
-1292
-19730
30676
-4730
27776
-19367
25298
-16427
25596
12116
23978
-27019
-3540
-6121
8455
-29230
-4044
-5239
-28834
-18823
15449
14377
-28830
8286
-1648
5554
10338
-11590
22389
-28103
-7189
8592
-3307
-7998
-22092
22820
2280
14003
-957
7404
-26109
20086
-8541
22635
126
-1375
7178
17179
-6775
2664
-9932
-32724
-7386
31522
16956
27445
-13964
1037
19071
2977
-3929
-12563
740
-24306
26404
-31419
16563
3863
13721
1865
4779
8483
-2595
-16445
20592
-14409
463
-20758
27155
9267
20892
-7746
-26672
-25003
9479
-12542
5493
30348
26490
15279
-26313
-8792
-29549
-22276
504
-28703
-12802
6912
-31195
11829
6297
29664
-3282
22479
32061
-13077
23379
32212
-11755
812
-28002
-5324
23018
12824
27880
17468
20916
-20350
1125
-21520
27700
-22233
32494
12411
-30610
21790
-1703
-28290
-28102
-25649
-15922
-31156
-25003
-7757
31642
9729
13985
-19392
7888
-7419
-14012
-8673
-18406
17592
-23877
31987
-13389
5159
28219
2578
-6003
-6149
31317
24026
28668
-19334
-26921
-8145
31896
-12000
26933
20206
9453
1597
-8436
-12225
7787
27911
15994
-22604
-1596
-14993
14236
24678
-20952
-6376
-932
20111
12756
16416
-5701
5924
22337
-4520
-2548
27559
4004
-9095
-20766
-28028
1052
30783
11947
18687
23713
27004
23973
-27561
-21106
-29888
-31470
6387
8912
8322
9920
-5571
21778
9015
-16310
1485
4405
26237
-3437
-11999
-12861
-2364
11925
-582
-28038
12205
24371
-25850
-15009
-30173
1002
11209
-3472
-16031
21686
-5379
-7919
29803
19925
1777
-15330
-30332
-24056
-6320
-30426
25472
12694
-19842
14150
30930
27147
-25005
30349
4443
-8256
12601
17351
20393
1905
24571
28803
-10003
32654
-11068
16628
-26827
-15034
24055
-14618
-15628
-20244
26696
-132
-5470
25125
7758
16046
11175
-3949
30774
-21375
24166
-27512
26835
27716
7512
-15771
30187
-29434
26900
-31822
27601
-5775
25740
-9307
-22709
-20124
7878
-27955
-3054
6976
1968
14254
1230
20988
-21711
8815
21959
9840
-13663
19840
-28130
30360
6990
10975
-8705
21811
1834
-11849
-26948
13722
12132
-6446
-21002
-12920
-1527
21665
-15127
21566
5081
17939
-21503
-18120
-19855
11919
13172
-17039
-11526
-23540
-21422
8307
14285
17440
-32132
22598
-30718
-27319
19077
-20151
16424
-5572
-18858
-3065
-27038
10096
-15294
-31599
-19391
2102
-11587
-9515
5368
-30304
24932
6721
-16559
18043
9925
27897
-6781
-3457
-26625
3145
31665
12854
-3547
-2087
23655
13611
-20312
15377
9647
-24687
-7275
-31206
31431
-13959
-16657
4783
18506
-23691
-16665
31030
18840
-17670
-26427
-19802
26546
5290
27113
-1809
21392
30661
22766
-13120
13241
26031
2323
9887
-5205
-26747
-28301
29729
-25370
-9482
19400
-24129
24370
-5340
7011
11220
25664
1397
19513
-27619
-3380
17095
2844
-8097
13945
6915
27629
-17886
-13240
-22795
444
-25434
-21795
29221
12735
1488
16797
-11337
-1623
20705
25989
-24996
-18184
-25627
-9495
-30513
10897
-22375
-18841
-28618
14384
28050
-23482
-28382
-11558
-24978
23316
-6686
1636
-19784
31042
-19449
-16767
-30651
-2126
10133
14382
-25011
914
-12887
-11
18195
15102
26823
31695
4377
-30182
-32374
26202
-15469
23877
10695
-16539
26781
-27213
19766
28702
-24898
27726
13713
20384
-9455
19472
30515
-973
-7843
25923
7596
-10179
-1706
19362
-6967
-30281
-12405
-26841
-4800
32151
-26411
3962
-31147
-10049
26632
18296
-7454
24317
14829
-10101
27664
28236
-24785
6728
21034
-7593
22724
29851
-8553
4890
-16852
28346
-6771
-8806
-12101
29816
-13406
-6159
28235
-6231
469
19093
27950
17743
29323
-7579
-11068
-4053
-29784
-6615
25283
-7342
-25395
136
-4699
24471
13269
-13294
-24299
10225
-28388
29326
10161
446
13588
-28240
-31731
-3373
-32299
7479
2821
-31021
-7240
2160
-29377
15280
538
18587
-4320
-26058
25806
22347
-23493
-17634
12359
18927
17533
-21958
-3598
24411
-26270
19566
-5456
-28560
26953
27172
30315
-22154
-11248
-27846
5740
-3842
-12609
9739
11572
28870
-28966
-8537
8121
7937
-16943
14949
-17446
14153
-20725
-22572
21205
-32204
9070
15239
-22568
-22235
4499
16014
-595
-31497
12180
-18110
-28620
32050
7972
13376
-18803
24030
23579
-7736
31604
15400
-14340
8700
6989
-8870
5972
24899
-14156
-18382
12831
25138
-177
29768
6130
554
8684
10592
-7061
-27750
-3764
-9202
-838
19881
2702
-18766
8526
-14475
18319
-29185
-24269
12492
-26104
-18486
-24316
-4859
-13250
2082
-11439
18774
22823
4057
1016
-21456
19249
-22935
5988
-12193
-2630
-29684
8416
-31911
13032
-28027
-2083
-1601
-19911
-15963
4878
-30073
15748
8700
28819
-7762
-42
29398
-3154
-31864
-20504
8332
-9711
29410
27567
-3179
25143
19463
-13034
-24056
-7673
-25857
-22271
-2506
-9474
-30701
-17789
-8891
18814
13362
-26715
-23248
-18758
25950
3710
-24470
13672
25653
25456
9635
-28767
-10877
-31833
5410
-19855
5449
6587
20999
-2377
-26689
-1724
-3145
-23090
7711
-346
3532
9170
-2819
392
27163
26373
-4659
-422
23168
-24010
-2982
18742
11677
-20179
17087
3481
-15654
-24062
25625
24333
-5020
-20955
4261
-11938
-29116
-26810
-26193
-22590
27739
21625
-5634
-22168
11941
23672
-18113
-8529
8588
20514
3693
17843
-6429
19640
-6649
784
8075
15898
-96
-2147
11973
-15649
17881
-21827
28201
31500
5153
-21067
-32182
-31106
-21965
22652
9825
19783
-12971
641
22685
-30339
8207
3275
-12427
-5124
3877
13820
31244
-30002
-13907
2428
21969
23195
32027
-5176
5290
13540
-28786
-19031
-10007
-20764
24650
-28926
1764
-28314
-10137
-18593
-11584
24918
-4540
-19552
-18880
-4431
5350
16914
-13334
-9937
18685
-31613
20896
10799
-15891
-20160
-287
12394
6571
6808
18401
-21823
23456
-7337
-11945
-32138
25367
29848
-3508
-16985
8125
26656
17378
12252
-11582
-14676
-5971
17154
-14475
-14338
6807
-1166
-16873
-16122
11878
-13683
-24681
-21615
25842
5317
12316
-16025
-30334
-23356
14912
-25446
24702
-22843
9535
-20697
22456
-21254
11988
24849
-22890
-4299
-9821
29442
-19589
-27862
16822
19475
-5256
-15998
-26011
32574
18200
2173
-3961
19855
16018
20876
32577
15383
13422
28481
3827
-18743
14182
14984
9095
2376
14593
-31856
11385
28472
-1187
23968
-24511
-23581
30544
27127
-10043
18730
30183
-12955
21707
7565
2019
6324
-32268
22275
22850
21060
2625
-5009
-3927
-25655
2424
-2349
24879
-8663
-8981
7060
29128
-9294
-242
-4402
14902
603
-11403
-3896
-15362
-8169
17022
-5875
2466
-21172
-18590
22445
-1510
20077
-25052
5503
-9217
-5464
29825
-10719
-15984
14178
-10989
20826
19528
-25258
20275
-17438
-5147
-10795
2004
-3847
-26271
13655
25556
-10840
5336
24552
23314
-22239
-28330
-24732
27454
-19633
-30181
26532
15780
3138
-29179
-27469
-14137
14990
6118
8192
-8837
11640
32083
-8669
-10170
15779
-19326
-29013
31872
26034
-7979
-10430
-14520
-22626
27709
14803
20854
-28685
23864
-16171
4260
24667
8434
-24223
15623
27245
30469
30471
17886
-28342
-28871
9544
19349
-21291
-7446
-19465
31369
2658
3829
-15910
-3658
13795
-1598
-6796
11353
-28395
8055
-19650
23111
16085
-15878
32331
-21580
-8361
-32542
16127
-24313
-11760
-7460
19070
9735
-11064
-22381
6358
15742
24669
23475
-23253
1157
-24988
7096
-15302
-14986
13084
-15017
-9849
8870
17821
17738
-32583
25209
11262
-20336
-3529
13428
-22197
10408
-24727
17212
30890
6269
-6752
5118
4747
15686
26810
-17562
27275
-4432
2363
-11591
-21126
-16966
32689
-12346
8915
5177
-32693
3004
-10165
-32462
22226
32755
-8641
9707
-22995
-15457
20593
-1571
-31734
-24563
-30002
24764
10266
30439
-24838
-2945
-31682
4825
2935
-6251
23059
-30475
4575
-24766
-28155
-13646
-8110
-28046
-7357
-30114
-20902
5278
25735
27998
17475
20129
-18038
-8076
346
-28522
10477
27769
20701
8150
-15215
22387
-12366
-23798
10285
-28404
7096
29947
-31817
-22863
1945
13913
24348
31511
30914
25427
27115
17079
6337
14051
9807
-1265
8261
3881
-4846
-3960
22478
-14327
-28845
20879
23625
2328
14572
-25148
-23524
-30619
-15474
21798
32524
19514
-6783
-21541
-21151
-993
10317
20572
-30663
-18991
-16788
5450
-17358
24345
-31428
12593
23916
-10857
23689
6495
14464
-23857
2233
-15997
-29389
18702
-15457
1470
-543
15380
-7521
-30667
23204
-29889
-32484
19492
24954
26049
30554
25218
5849
27180
-2504
-16572
2746
-4756
23738
-6851
-627
-22789
12370
13735
-15725
-20521
-17005
23230
7172
8049
19063
6697
12326
-19145
27867
-9190
-7013
-21951
27082
-16132
23402
-11551
11863
11833
-16911
-3921
1479
19052
15364
26480
14880
5188
-31575
-12805
-31032
18870
26337
29774
28484
-24882
-23937
22564
8785
907
-9548
29180
-19936
27306
-20489
5466
7602
-27436
2580
8248
-18137
-4229
1446
19321
-29067
6821
-20575
23676
-16115
30629
25910
-2206
15738
23597
25089
21454
-29067
-4156
1573
2397
28696
-4928
-28182
-19105
-20436
896
-21580
15325
-20429
6464
22061
9394
-30343
-9366
-14503
5917
-22266
23405
-18646
-23504
-4004
24445
26223
-23740
-27735
10840
7804
23124
-30594
-8482
-13317
1832
-14525
-11969
-31109
25403
21940
-24023
-5403
30392
-10437
31263
-6378
20265
14462
-19740
-3414
24982
-27038
-32245
-4638
11031
11936
-4822
12690
-8384
-21769
-7291
28663
28791
11714
17893
-20367
31212
10260
-243
-19905
-21400
-17071
-13079
-26068
-541
25262
3422
17492
-3589
26964
280
24143
-1911
-9269
-2124
7990
-22418
-27490
-8416
-15868
-32325
18964
-13097
-5940
2772
14716
12183
22526
-12012
12027
-31435
4709
-17553
-17991
-5981
10749
20967
6964
-391
24903
17664
-10088
21165
20285
-24793
11243
575
8150
-15042
26645
1849
-22439
-11094
8464
1400
14936
-13616
-18249
-444
22450
3990
-10308
-7958
10398
-18172
23852
-8780
24285
-30669
-1844
-4310
-21006
-29632
-29622
-8850
-11288
-29079
23169
3824
13357
-24423
6588
-32671
-7780
-6017
20726
-31646
20221
7045
6818
-11485
-31481
-25813
-10372
-22758
-6492
-19700
5747
-17436
24740
13142
2961
1322
-28104
-25078
12042
17322
-5515
-4732
-11810
-465
-994
-27002
-23345
-30810
29160
12269
-2511
-25695
7068
9094
-15646
-13414
23890
-15709
32420
-6638
3980
-22328
-2317
-31670
12077
13263
19001
-25684
-789
31499
-12211
-17711
7863
-8884
-18347
4627
-28671
-14194
-32197
-17694
-9287
-13228
-3607
-24758
9148
-21139
-12896
584
17646
31995
16535
-16965
-30813
-6703
-16498
12901
-4210
-919
-29734
-9439
7643
-18803
-22939
25600
-14593
-32341
25364
-6594
-23767
16098
-12119
18464
27253
19894
4072
837
-8542
-22764
31597
31928
-27331
-23006
31859
14256
-9334
-395
19813
-23483
-18379
-24045
7894
29397
-22838
3153
14600
27763
-11949
-29700
10283
18270
-4178
23300
24656
-31550
-17361
-3529
-27463
11039
-23208
-13090
-16426
-217
-23764
29778
10864
-25804
2190
-7069
3122
5759
16149
23493
2419
-32178
32118
4493
16738
18167
6171
845
11712
26492
4906
-3101
13815
-30446
-27854
11872
13971
-23293
31771
-30431
-10533
25798
2068
8583
25106
-16528
-7169
-31941
-10536
-7454
-25313
32644
28146
15857
10924
-17650
-22054
7348
9605
31970
596
-16478
-27251
-4887
27756
-27743
-18154
-20448
-14456
-17870
-19581
-12926
26812
14374
-1475
22906
25208
-29706
-22594
-30215
32052
11195
-16469
-7148
-14357
-31312
-18009
17695
-23178
13646
13850
31731
705
20252
27768
7457
27777
-29694
28359
-31011
-12972
16469
8548
-8936
-23380
28820
31731
9030
-3661
-31078
-26572
23697
-19171
28533
-1619
-26758
6205
-30975
-29831
25665
-2670
82
-829
-5438
-18411
-28456
29568
-4964
-7426
31032
-12366
-19390
-1805
24188
26187
-7464
23629
-15668
-21752
15946
12151
19163
-13632
-30148
-11576
-11507
-3593
6464
-32014
1890
1057
-30318
-27375
1180
-19379
-14086
32067
-26570
31599
10998
8143
-31470
-15482
-26331
-14357
2187
-3700
1144
-20048
8095
25395
-1443
-21224
23976
-20034
18253
2483
6916
28146
-12701
-4379
-5106
23749
27468
2628
26830
14494
18427
-17409
-17030
20790
29193
-8358
7292
-18890
2775
4759
-9816
32472
23427
31782
11846
-26598
-6254
-11150
13173
-24509
-26144
-1692
17149
29125
18100
-14412
5887
-508
23310
-8823
10510
8184
-32354
-6550
22743
5361
20219
17159
