1000
-10486
12592
-11446
-27597
26460
-3124
-14659
-4071
-24193
27199
-1631
28996
1146
21514
16640
29641
32667
-2743
21028
22539
-5534
-8511
14634
-10765
20027
29840
-7109
-24704
-25881
8401
27527
-314
15998
-14830
-23064
9642
23370
12378
-12482
19142
2306
-6240
19896
21313
29535
32627
2152
-29840
3394
-24241
2248
22564
-20648
-13408
5613
20451
-18399
-11836
-657
31829
-5407
-19222
21894
-20410
-17722
14807
-6706
-13316
-10848
-6667
-7693
-15062
-7684
-14050
-26170
-14303
-2108
-28538
22900
-27521
12014
-16320
-3688
1050
24832
19114
24461
29123
8794
25262
-2582
32181
-19001
-8062
-8078
-10316
-18372
19173
3966
16312
13236
11383
7211
-29831
-11541
-24643
-28936
-18094
31624
-30981
-1744
-9969
-29761
9830
29601
-21896
15728
29705
2606
2486
3084
-15114
-14540
-30056
-963
-28335
-31168
-7022
-9887
-1567
19510
-26810
-21973
-5097
-23951
-23065
-32345
-3760
-445
-32758
26352
-3368
17399
-12940
28067
21579
3864
-26526
8525
-19719
30242
-659
-22239
3099
-4607
-13155
28229
-8313
-20519
15540
-30037
-32087
-13970
32380
1741
-11050
-17950
-11908
-12053
12042
-25699
18820
-4180
-10918
-31170
903
11531
-26426
-21946
17921
27343
-16443
16263
-25682
-21419
-28411
-5116
-29160
-23611
-20153
-22534
-251
-29077
6738
-1239
-27827
-15576
-3848
-17403
-25333
-4100
28430
-13490
-18924
3761
-7627
-5708
-11221
6082
-26430
-24911
24956
-15505
-20711
-19146
-20243
9472
12734
-26006
7086
11256
23476
7955
-22770
-31049
-16382
2695
-8229
11554
1024
25052
-22320
23980
25339
-7741
-29300
14417
5026
-16909
1908
1217
2429
-2419
-24888
27922
-29507
7221
8559
-24444
17143
11393
-22864
-16954
-6341
13751
-11820
19534
-7420
26307
-22674
62
14306
-17617
-1598
2856
-9671
18602
-11553
27128
-25325
-2461
-9681
-25848
-32413
-7879
-22019
9642
-25181
-19407
-21880
28150
25374
21990
-21833
-27601
-23001
6898
24570
18461
-30463
27154
27039
-7008
16474
-1495
-19211
3542
9747
12731
12094
20444
27118
18817
31951
-24271
-247
27236
12046
-6386
866
25373
4214
16906
11791
-15296
-12779
-29508
-18597
9146
16836
-9849
28054
2827
32548
31053
-5882
21181
15910
19074
-14452
10493
4021
-12462
-25858
1065
7321
-16149
3107
-14671
29052
22284
26332
-31849
2435
-24067
-29885
31691
-25740
-10512
17146
4254
-5707
28951
-21688
25457
29009
-6870
8651
-19676
-781
-26769
5773
31286
-11499
-12733
8567
-27669
-28459
-8416
-10367
20930
11935
-16340
-26118
23828
32089
14406
-31099
1053
22710
-32140
-32596
-18647
-8190
-1019
10430
1712
11030
3099
-9227
22720
-27112
-18090
32049
-27626
-5940
15185
25220
-25682
814
4655
-16699
423
4652
32748
-17531
-3318
-32616
-27170
-5951
-10725
30488
-16691
-31504
2060
5374
31387
-22693
12863
-17668
11234
-16906
-25889
22994
6572
6323
-30189
26814
25811
4806
12749
16446
6906
-20510
19387
30851
31397
-23185
16217
9967
-30296
25829
-5444
25277
-22004
32119
26369
-776
6501
-16005
26215
-4088
-28469
12847
13295
-7718
-20475
19513
-29014
-30682
1075
30645
-1422
-8392
-18188
-20041
-16550
45
-13777
-16093
20949
12030
-30195
10499
-9730
-28183
18475
24273
17187
7129
-1700
-3133
13093
-19193
-11239
18423
-3558
-21367
19229
-13794
24092
-28741
-24093
20204
26358
8371
-13791
-26841
-2767
245
30274
31914
31109
2221
-18550
9050
-12012
31032
18544
18379
-24629
13259
30111
12834
-9577
10336
-31166
-9203
320
-2714
-31053
24247
-12753
8759
-15448
23737
-15870
27647
1049
-3349
-27057
15049
-31720
-13012
-10986
7529
-32328
3172
-28230
-10059
-1691
27059
-9992
-32375
2558
-22028
-14346
-8996
9567
9676
-25875
17505
6155
-29148
16901
23642
-29899
3481
-12607
6929
-11862
984
4988
-21874
-350
-15418
14181
10602
27414
16946
-7757
-16401
11099
20663
-28824
12844
27363
-9574
-5287
29974
11301
18269
28815
-25444
20041
6586
31116
-27467
14266
-23521
-15156
12970
26862
-4109
13164
3873
-7850
14528
27531
-20823
20410
-19499
-3297
-26186
-13240
-2670
-12213
-413
-26525
-28217
-19692
17992
-20605
24528
-28712
3749
30176
29256
25127
23437
-19680
-8865
11474
14114
-19587
18076
-29089
9759
-1734
2336
21141
15230
1757
-14440
-3787
14556
-12033
-19930
15707
-10504
26323
22833
-16833
-7820
-17196
-32670
1471
-17390
24220
-21500
31201
-3987
-27629
-1459
25291
-21826
26206
-14003
-17270
-10072
9962
-1864
28015
-18113
-13130
-4685
30641
-2768
-27562
-11072
-11354
-30528
-24346
-21492
20278
20016
20247
28124
9619
-30621
-1369
6293
-26608
776
-5379
28124
-28720
13246
-19296
-28816
24060
-31883
11068
7398
16900
-97
18145
8883
-25836
23012
20686
2599
30820
13986
-17650
-6519
6012
-11883
22131
-24753
-26467
-15357
6851
-6774
23527
18570
-14684
-16077
-3561
18231
3083
30432
21746
9143
-6756
4821
-4696
-26739
1954
-29658
-29294
2991
31900
-27788
-15042
-7008
8116
-30250
-18766
-16864
5021
30010
-5160
27183
20538
-16080
-19759
-10439
-27711
-30748
9460
3326
-10130
26780
31920
12230
13643
-23751
-6982
-13667
-22627
-19852
-13774
24240
23289
9572
17604
-10845
-25156
25166
-12470
21450
25815
7747
6272
7765
-17462
872
-15101
-23206
-31685
-27440
-10840
27749
-9283
-31954
-14086
-20315
18831
30707
-31826
-17132
14163
5005
-8405
-22506
-14618
26648
-1380
-16230
-24908
-27225
-19541
-699
28518
-7845
-5080
-12425
-16973
3717
16366
13135
6064
-20692
-26589
-27382
-23065
-31973
-25246
10280
-31030
31343
32711
-27432
-29608
-21391
20162
6547
17179
-28881
17322
-22678
23504
21977
-8684
-10992
3308
-12597
-13253
23277
17538
23651
-9821
8620
-23295
14170
10703
-14924
-32294
-24182
19189
-23518
27479
-20413
19068
4496
31366
17990
-20997
30511
-8638
31843
-15028
30530
-8134
9494
14419
-3119
-11539
26654
-32739
8146
-23896
-5131
-24154
5028
15107
24912
-13626
-15416
18974
3383
2021
-499
-25441
12127
5685
6736
-16108
29177
-19738
-8352
5471
-25139
-27420
26452
-28387
-3982
20106
-30959
1332
9250
-8767
-30986
13053
24296
-29479
31707
-24980
9694
31643
-1553
18330
-14895
16173
-3573
-4802
17468
3521
-30970
-14175
-12602
13076
3661
-19442
-6225
22457
-6717
27752
573
31477
7617
-31324
27711
-20924
-11493
7876
-11060
-11133
-5950
-20115
7429
-7636
22482
18991
-31145
-6379
16968
-10428
13303
24639
16715
-22451
-6131
18338
-13701
9808
-13552
30521
14404
-32085
-6251
-22556
26730
13594
25172
-13484
-23967
10686
22537
-23237
21735
15371
11478
10478
1807
26269
1405
-6528
1932
-31348
-13846
-32749
-29333
11600
32249
-31829
16111
23194
-15240
-4731
-10262
-30658
12138
16375
10272
2686
17190
18586
-22674
