100
-26449
-11463
-7569
5486
-5928
4772
20032
21404
-3458
-26234
-23690
-22002
28008
-32531
-27518
3744
-17560
-2579
15657
25836
-27944
369
5463
-24674
23621
5309
-3150
-17491
-7629
-27034
16783
28661
19126
-26770
12308
3717
23326
-5151
10834
935
12115
16347
8445
26860
27054
606
-31950
22717
28284
14990
-11385
-7099
-6891
-25610
-31375
24851
4673
13722
-29641
25052
-31708
20403
-27109
-18358
28958
31133
9099
-20158
-29265
30644
20123
-1771
-2619
8139
10328
-26039
-3737
10000
3078
6971
608
29320
19427
2558
-27095
15130
-31010
-18792
18315
-938
26508
16923
-28153
5554
7246
28076
-13358
-16523
15522
-7443
